0.0,1.0148788500382e-11
1.0,8.509036816527323e-11
2.0,2.2469470750528814e-08
3.0,1.3407166344765137e-15
4.0,5.902343858517644e-12
5.0,0.014811700719023588
6.0,4.967801983459308e-11
7.0,1.2314536948138093e-11
8.0,2.286010462728931e-15
9.0,4.617730605438541e-11
10.0,2.8837161834556645e-08
11.0,2.6680491273663688e-09
12.0,0.006848542146175825
13.0,7.647475465947403e-09
14.0,4.5265039029782704e-11
15.0,0.005337085831301906
16.0,4.0954536525230136e-05
17.0,0.0003340325186025211
18.0,0.13405812138722842
19.0,0.13805293703638896
20.0,2.7187449840100388e-11
21.0,3.2251204597105143e-10
22.0,0.06548436742792757
23.0,3.0714371817001625e-10
24.0,8.230630714326134e-12
25.0,0.15013685917584227
26.0,5.5056439284819564e-09
27.0,8.40317240299992e-08
28.0,0.29155833689329436
29.0,0.5858601883311728
30.0,1.1610886933628272e-11
31.0,5.373240540295222e-11
32.0,0.008814869297132625
33.0,6.343540115374718e-10
34.0,2.731386807272188e-12
35.0,0.8968268712709219
36.0,8.519394227315737e-11
37.0,8.88455813021036e-16
38.0,0.11226798328623083
39.0,0.09477362209358613
40.0,1.3827829600045581e-10
41.0,5.519231355469526e-09
42.0,0.4537751978589265
43.0,4.350283994037469e-10
44.0,2.1349686207300363e-13
45.0,0.07487854393159248
46.0,1.0490606105108499e-10
47.0,3.501800456010077e-12
48.0,0.0966033334593374
49.0,0.10647260595419901
